0,58
0,52
1,42
3,15
0,6
0,47
0,46
0,49
0,48
0,45
0,53
0,12
0,50
0,10
0,8
0,51
0,11
102,4
102,3
93,13
93,11
93,10
93,9
93,8
93,7
93,6
93,5
87,3
84,3
76,13
76,12
76,11
76,10
76,9
76,8
76,7
76,6
76,5
17,319
17,318
17,310
17,309
17,305
17,299
17,267
17,266
17,265
17,263
17,262
17,261
17,260
17,259
17,258
17,257
17,256
17,207
17,206
17,205
17,204
17,203
17,202
17,201
17,200
17,199
17,196
17,195
17,194
17,193
17,192
17,129
17,128
17,127
17,126
17,125
17,124
17,123
17,121
17,120
17,119
17,114
17,108
17,107
17,106
17,105
17,104
17,103
17,102
17,101
17,100
17,99
17,91
17,90
17,89
17,88
17,87
17,86
17,85
17,84
17,83
17,82
17,81
17,80
17,79
17,78
17,77
17,13
17,12
17,5
17,3
17,2
17,0
9,5
9,4
9,3
5,8
5,5
4,3
3,44
3,43
3,42
5,12
5,14
5,16
5,17
5,19
5,20
5,22
5,23
5,25
6,2
6,3
6,5
6,6
8,1
8,3
8,4
8,6
9,0
9,2
10,1
10,2
10,4
10,5
11,1
11,2
11,4
12,0
12,1
12,3
12,4
13,0
13,2
13,3
14,0
14,1
14,3
14,4
15,0
15,2
15,3
15,5
15,6
15,8
16,0
16,1
16,3
16,4
17,4
17,6
17,14
17,65
17,66
17,68
17,69
17,71
17,73
17,74
17,76
17,92
17,96
17,109
17,115
17,117
17,122
17,198
17,251
17,253
17,255
17,264
17,269
17,270
17,272
17,274
17,275
17,277
17,278
17,280
17,281
17,283
17,285
17,286
17,288
17,289
17,291
17,293
17,294
17,296
17,297
17,300
17,301
17,303
17,311
17,312
17,314
17,315
17,317
18,1
18,2
18,4
18,5
18,7
18,8
20,1
20,3
21,0
21,2
21,3
23,1
23,3
23,4
24,1
24,2
24,4
25,0
25,1
25,3
25,4
26,1
26,2
27,0
27,2
27,3
42,0
42,1
42,3
42,5
42,6
44,1
44,2
44,4
44,5
48,1
48,3
48,4
48,6
48,7
48,9
50,1
50,2
50,4
50,5
51,1
51,2
52,0
52,2
52,3
53,0
53,1
53,3
54,1
54,2
55,0
55,1
55,3
56,1
56,2
56,4
56,5
57,1
57,2
58,0
58,2
58,3
58,5
59,0
59,2
60,0
60,1
60,3
61,0
61,2
61,3
61,5
62,0
62,1
62,3
62,4
62,6
62,8
62,9
62,11
63,0
63,2
63,3
63,5
64,1
64,2
64,4
64,5
64,7
64,9
64,10
65,1
65,2
65,4
66,0
66,2
66,4
67,0
67,2
67,3
67,5
68,1
68,2
68,4
68,5
68,7
68,9
68,10
69,1
69,2
69,4
69,5
70,0
70,2
70,3
70,5
71,0
71,2
71,4
71,5
72,1
72,2
72,4
72,5
73,0
73,2
73,3
73,5
74,0
74,2
74,4
74,5
75,1
75,2
75,4
75,5
75,7
75,9
75,10
75,12
75,13
75,15
76,1
76,2
76,4
77,0
77,2
78,0
78,1
78,3
79,0
79,2
79,3
80,1
80,3
81,0
81,2
81,3
82,1
82,3
83,0
83,2
83,3
84,1
84,2
85,1
85,3
86,0
86,2
86,3
87,1
88,0
88,1
88,3
89,0
89,2
89,3
90,1
90,3
91,0
91,2
91,3
92,1
92,3
93,0
93,2
93,3
93,12
94,1
94,2
95,0
95,1
95,3
96,0
96,2
97,0
97,1
97,3
98,0
98,2
99,0
99,1
99,3
100,0
100,2
100,3
100,5
100,7
100,8
101,1
101,2
101,4
101,6
101,7
102,0
102,1
102,5
102,6
102,8
102,10
102,11
102,13
103,0
103,2
103,4
103,5
104,1
104,2
104,4
104,5
104,7
105,1
105,2
105,4
105,5
105,7
105,9
105,10
106,1
106,2
106,4
106,6
106,7
106,9
106,10
106,12
106,13
106,15
107,1
107,2
107,4
107,5
108,0
108,2
108,3
108,5
108,6
108,8
108,9
109,1
109,3
109,4
110,0
110,1
110,3
110,5
111,0
111,2
111,3
111,5
111,6
111,8
111,10
112,0
112,2
112,3
112,5
113,1
113,2
113,4
114,0
114,2
114,4
114,5
114,7
114,8
115,1
115,2
115,4
116,0
116,1
116,3
116,4
117,0
117,2
117,3
118,0
118,1
118,3
118,4
119,0
119,2
119,3
120,0
120,1
120,3
120,5
120,6
121,0
121,1
121,3
121,4
122,1
122,3
122,4
123,0
123,1
123,3
123,5
123,6
124,0
124,1
124,3
124,4
125,0
125,2
125,3
126,1
126,2
126,4
127,0
127,1
127,3
128,0
128,2
128,4
129,0
129,2
129,3
129,5
130,0
130,2
130,4
131,0
131,2
131,3
132,0
132,2
132,3
132,5
133,0
133,2
133,3
133,5
133,7
133,8
134,0
134,1
134,3
135,0
135,1
135,3
136,0
136,2
136,3
137,0
137,2
137,3
138,0
138,1
138,3
139,0
139,1
139,3
139,4
139,6
140,1
140,2
140,4
140,5
140,7
141,0
141,2
141,4
141,5
142,1
142,2
142,4
143,0
143,1
143,3
143,4
143,6
144,0
144,2
144,4
144,5
145,0
145,1
145,3
145,5
146,0
146,2
146,3
147,1
147,2
147,4
147,6
147,7
147,9
147,10
148,1
148,3
148,4
148,6
148,7
149,1
149,2
149,4
150,0
150,1
150,3
150,4
150,5
150,2
149,5
149,3
149,0
148,5
148,2
148,0
147,8
147,5
147,3
147,0
146,1
145,4
145,2
144,6
144,3
144,1
143,5
143,2
142,5
142,3
142,0
141,3
141,1
140,6
140,3
140,0
139,5
139,2
138,4
138,2
137,4
137,1
136,4
136,1
135,2
134,4
134,2
133,9
133,6
133,4
133,1
132,4
132,1
131,4
131,1
130,3
130,1
129,4
129,1
128,3
128,1
127,2
126,5
126,3
126,0
125,1
124,5
124,2
123,7
123,4
123,2
122,5
122,2
122,0
121,2
120,7
120,4
120,2
119,4
119,1
118,5
118,2
117,4
117,1
116,5
116,2
115,5
115,3
115,0
114,6
114,3
114,1
113,3
113,0
112,4
112,1
111,9
111,7
111,4
111,1
110,4
110,2
109,5
109,2
109,0
108,7
108,4
108,1
107,6
107,3
107,0
106,14
106,11
106,8
106,5
106,3
106,0
105,8
105,6
105,3
105,0
104,6
104,3
104,0
103,3
103,1
102,12
102,9
102,7
102,2
101,8
101,5
101,3
101,0
100,6
100,4
100,1
99,2
98,3
98,1
97,2
96,3
96,1
95,2
94,3
94,0
93,4
93,1
92,2
92,0
91,1
90,2
90,0
89,1
88,2
87,2
87,0
86,1
85,2
85,0
84,0
83,1
82,2
82,0
81,1
80,2
80,0
79,1
78,2
77,3
77,1
76,3
76,0
75,14
75,11
75,8
75,6
75,3
75,0
74,3
74,1
73,4
73,1
72,6
72,3
72,0
71,3
71,1
70,4
70,1
69,6
69,3
69,0
68,8
68,6
68,3
68,0
67,4
67,1
66,3
66,1
65,3
65,0
64,8
64,6
64,3
64,0
63,4
63,1
62,10
62,7
62,5
62,2
61,6
61,4
61,1
60,2
59,3
59,1
58,4
58,1
57,3
57,0
56,3
56,0
55,2
54,3
54,0
53,2
52,4
52,1
51,3
51,0
50,3
50,0
48,8
48,5
48,2
48,0
44,3
44,0
42,4
42,2
27,5
27,1
26,3
26,0
25,2
24,5
24,3
24,0
23,2
23,0
21,1
20,2
20,0
18,6
18,3
18,0
17,316
17,313
17,304
17,302
17,298
17,295
17,292
17,290
17,287
17,284
17,282
17,279
17,276
17,273
17,271
17,268
17,254
17,252
17,197
17,116
17,97
17,94
17,75
17,72
17,70
17,67
17,64
17,7
17,1
16,2
15,9
15,7
15,4
15,1
14,5
14,2
13,4
13,1
12,5
12,2
11,5
11,3
11,0
10,3
10,0
9,1
8,5
8,2
8,0
6,4
5,26
5,24
5,21
5,18
5,15
5,13
5,11
5,10
5,9
5,7
5,6
5,4
5,3
5,2
5,0
4,2
7,3
0,59
0,57
0,56
0,55
0,54
0,9
0,2
0,0
3,41
3,40
3,39
3,38
3,37
3,36
3,35
3,34
3,33
3,32
3,31
3,30
3,29
3,28
3,27
3,26
3,25
3,24
3,23
3,22
3,21
3,20
3,19
3,18
3,17
3,16
3,14
3,13
3,12
3,11
3,10
3,9
3,8
3,7
3,6
3,5
3,4
3,3
3,2
3,0
2,44
2,43
2,42
2,41
2,40
2,39
2,38
2,37
2,36
2,35
2,34
2,33
2,32
2,31
2,30
2,29
2,28
2,27
2,26
2,25
2,24
2,23
2,22
2,21
2,20
2,19
2,18
2,17
2,16
2,15
2,14
2,13
2,12
2,11
2,10
2,9
2,8
2,7
2,6
2,5
2,4
2,3
2,2
2,0
1,45
1,44
1,43
1,41
1,40
1,39
1,38
1,37
1,36
1,35
1,34
1,33
1,32
1,31
1,30
1,29
1,28
1,27
1,26
1,25
1,24
1,23
1,22
1,21
1,20
1,19
1,18
1,17
1,16
1,15
1,14
1,13
1,12
1,11
1,10
1,9
1,8
1,7
1,6
1,5
1,4
1,3
1,2
1,0
0,5
0,7
0,4
0,3
